- Wave Lab
- Date: 2022-11-24 13:59:41
- Duration: 10.05 s

129
130
129
130
130
129
130
130
130
130
130
129
131
131
129
130
130
130
130
130
131
130
130
130
130
130
130
131
130
131
131
131
130
130
130
129
130
129
130
130
129
130
130
130
130
129
129
130
129
129
130
130
130
129
130
130
129
130
129
129
129
129
129
129
129
129
130
129
128
129
130
129
129
128
130
129
130
130
129
130
130
129
130
129
129
130
129
130
130
130
130
130
130
129
129
130
130
130
130
130
130
129
130
130
130
130
130
130
130
130
9
131
130
130
129
131
129
130
129
130
130
130
130
130
129
129
130
129
129
130
130
130
130
130
129
130
130
129
129
130
130
130
131
130
129
130
129
131
130
129
130
131
130
129
130
130
131
130
130
131
130
130
130
130
130
131
130
130
130
130
130
130
130
129
129
130
130
130
130
130
130
130
130
130
129
129
130
129
130
129
129
130
130
129
130
130
129
129
129
130
129
130
129
129
130
129
130
129
129
129
130
130
130
130
130
130
130
130
130
131
130
129
130
129
129
130
130
130
129
130
130
129
130
131
129
131
130
130
130
130
130
130
130
129
130
131
131
130
130
129
130
129
130
129
130
131
130
130
130
130
130
130
130
130
130
130
130
130
130
131
130
130
130
130
130
129
130
130
130
129
130
130
130
130
130
130
131
130
130
131
130
130
130
130
131
130
130
130
130
130
129
130
129
130
130
130
130
130
130
129
130
129
130
129
129
130
130
130
130
130
130
130
131
129
130
129
129
130
130
129
130
130
130
129
130
129
130
130
129
130
130
129
130
129
130
130
130
130
129
129
130
130
130
131
130
129
129
130
130
130
129
129
130
129
130
130
130
130
131
130
130
130
129
130
129
131
131
130
130
131
130
130
130
130
130
130
129
130
131
131