- Wave Lab
- Date: 2022-11-24 14:05:43
- Duration: 10.05 s

153
154
154
154
154
154
154
154
155
155
155
155
154
155
154
154
154
155
155
154
154
154
155
154
154
154
154
155
154
155
155
155
154
153
153
154
154
154
155
154
154
154
154
154
154
155
154
155
154
155
155
154
154
155
154
154
154
154
154
154
154
154
155
155
154
154
155
154
154
155
154
154
153
154
154
155
154
154
154
154
154
154
154
155
154
154
154
155
154
155
154
155
155
154
154
154
154
154
154
155
154
154
154
154
154
155
155
154
154
154
154
154
154
154
155
154
155
154
154
155
155
154
154
154
155
154
154
154
154
155
154
154
155
154
155
154
153
154
153
154
154
154
154
154
153
154
153
155
154
154
154
155
155
154
154
154
155
154
155
155
154
154
154
154
155
155
154
155
154
154
154
155
154
154
154
154
155
155
154
154
155
154
154
154
154
155
154
154
154
154
153
154
155
154
154
154
154
154
154
155
155
154
155
155
154
154
154
155
154
155
155
154
154
154
155
155
154
154
155
154
155
155
155
154
154
154
154
154
154
154
154
155
155
155
153
154
155
154
154
155
155
154
154
154
154
154
155
154
154
155
154
155
154
154
154
155
154
154
155
154
155
154
155
154
154
155
154
154
154
153
154
155
154
154
155
155
155
154
154
154
155
154
154
154
154
155
155
154
154
155
153
154
155
154
154
155
154
154
154
155
155
155
154
154
154
154
154
155
154
154
154
155
154
154
155
153
155
154
154
154
155
154
154
154
154
154
154
155