- Wave Lab
- Date: 2022-11-24 14:02:11
- Duration: 10.04 s

134
134
136
135
135
135
136
135
135
136
135
136
136
136
136
136
135
135
135
136
135
136
136
135
135
135
134
134
134
135
136
135
134
135
135
136
135
135
135
135
136
136
136
135
136
135
136
136
136
136
136
135
136
136
135
136
135
136
136
135
136
136
135
136
135
136
136
136
135
136
136
136
135
135
135
135
136
136
136
136
136
135
135
135
135
135
135
136
135
135
135
136
136
136
135
136
136
135
136
136
136
136
136
136
136
136
136
136
136
136
136
136
135
135
135
135
135
136
136
135
136
136
135
136
136
136
135
136
135
136
135
136
136
136
136
136
136
136
136
135
136
136
136
136
136
135
135
135
136
136
135
136
136
136
136
136
135
136
136
135
136
136
136
136
135
136
136
137
135
136
136
136
135
136
136
136
135
136
135
136
136
136
136
136
135
135
136
136
136
135
136
136
136
136
136
136
136
136
137
136
136
136
137
137
136
136
136
135
136
136
136
136
135
136
136
136
136
135
136
136
136
136
136
136
136
135
136
136
136
135
136
135
136
136
136
136
135
136
136
135
136
135
136
135
135
137
135
136
137
135
136
136
137
136
135
136
136
136
136
136
135
135
136
136
136
135
136
136
136
136
136
135
136
136
135
136
135
135
137
135
136
135
136
136
136
136
136
136
136
136
134
137
136
135
136
137
136
136
136
136
136
135
136
136
136
136
136
136
136
136
136
136
136
136
135
137
136
136
137
136
137
136
136
136
136
136
135
136
136
136
136
136
136
136
136
136
136
135
136
135
136
136
136
136
136
136
136
135
136
136
135
136
135
136
136
136
136
135
135
136
136
136
136
137
136
136
136
136
136
136
136
136
136
137
137