- Wave Lab
- Date: 2022-11-24 15:05:10
- Duration: 15.02 s

162
162
162
161
162
162
162
162
162
162
162
162
162
161
162
162
161
162
162
163
161
162
162
161
162
161
161
160
160
161
161
160
160
159
159
159
158
157
155
155
153
152
151
150
149
149
148
148
146
146
146
146
145
145
145
144
143
143
142
142
141
141
140
139
140
139
138
138
137
138
136
135
135
134
134
134
132
133
132
132
132
130
129
129
128
128
128
127
126
125
124
124
124
123
123
122
121
120
121
119
119
120
119
118
118
118
116
117
116
115
115
115
115
114
113
113
112
112
112
112
111
110
110
110
109
109
110
109
108
108
108
108
107
107
106
106
106
106
105
104
105
104
105
104
104
104
103
103
102
102
101
102
102
101
101
100
100
100
100
99
99
98
98
98
98
98
98
98
98
97
97
96
97
97
97
96
95
96
96
96
95
95
94
94
94
94
94
94
93
93
93
92
92
93
92
93
92
92
93
91
91
91
91
91
91
91
90
90
89
90
89
89
89
89
90
89
88
88
89
88
88
89
87
87
88
87
87
87
87
87
86
86
86
86
86
86
85
85
85
86
85
85
85
85
84
85
84
83
84
84
84
84
83
84
83
82
83
83
83
82
82
81
82
82
81
81
82
81
80
81
81
80
81
80
80
80
81
80
80
79
79
79
79
79
78
79
79
78
78
78
78
78
77
77
77
76
77
76
77
77
75
76
76
76
75
75
75
74
75
74
74
74
75
74
74
74
73
74
73
73
74
72
73
72
72
73
73
73
72
72
73
72
72
72
71
72
71
71
72
71
71
72
71
70
69
70
70
70
70
69
70
69
70
68
69
68
69
67
68
69
68
69
69
68
68
68
68
68
68
68
67
67
68
67
67
67
67
67
67
66
67
66
67
67
66
66
66
65
66
66
66
65
65
66
66
65
65
64
64
65
65
64
65
65
64
63
64
64
64
64
64
63
64
64
63
64
63
64
63
63
63
63
63
63
62
63
62
62
63
62
62
62
63
62
62
62
62
61
62
62
62
61
62
62
61
62
60
60
61
60
60
60
61
59
61
61
61
59
60
60
60
59
60
60
60
59
60
59
60
60
59
59
60
59
58
58
59
58
60
58
59
59
57
58
58
59
59
58
58
59
58
57
58
59
58
58
59
57
57
58
57
58
56
57
57
58
57
57
58
57
57
57
58
57
56
57
57
58
57
57
57
57
57
57
57
57
57
57
56
56
56
57
56
56
55
56
56
56
56
56
56
57
55
56
55
55
56
55
55
55
55
55
55
55
56
55
55
55
54
56
54
55
54
55
54
55
56
55
54
55
54
54
55
54
55
54
55
54
55
54
53
55
54
54
54
54
54
55
53
54
55
54
54
55
54
54
53
54
53
54
54
53
54
54
54
53
53
53
54
54
53
53
52
53
53
54
52
52
53
52
53
53
52
52
51
52
51
52
53
53
52
51
52
52
52
53
52
52
52
52
51
51
51
52
52
52
52
52
51
51
52
52
51
52
50
52
51
49
51
51
51
14
0
51
51
51
51
50
50
50
51
50
52
51
50
50
50
51
51
51
51
50
51
51
50
51
50
50
50
51
51
49
50
50
49
50
49
50
49
50
50
49
50
49
49
49
50
49
50
49
49
49
48
49
49
49
49
49
49
49
48
49
48
49
48
48
48
49
48
48
48
49
48
48
49
49
48
48
49
48
47
48
48
48
48
48
48
49
48
47
49
47
48
48
48
48
48
47
47
48
48
47
48
48
47
47
47
47
48
47
47
47
47
47
48
48
47
46
47
47
46
47
47
47
47
47
46
47
46
47
47
48
47
47
46
46
47
47
46
47
46
46
46
47
47
47
47
47
46
47
47
45
46
47
46
46
45
46
47
46
46
47
45
46
45
46
46
46
46
46
46
46
47
45
45
46
46
45
45
46
45
46
46
45
45
45
44
45
45
45
45
45
44
45
46
46
45
45
45
45
45
45
45
45
46
45
45
44
46
44
43
44
45
45
45
45
44
45
45
44
44
45
44
44
45
45
44
45
45
45
45
44
45
45
44
44
44
43
44
44
44
45
44
43
44
44
44
44
44
43
43
44
43
44
43
45
44
44
44
44
44
43
44
44
43
43
43
44
43
43
44
43
42
43
44
43
43
43
43
43
43
44
43
43
44
43
43
43
43
43
43
42
43
43
42
43
43
43
43
42
41
43
43
42
43
43
43
43
43
43
42
42
42
42
42
43
