- Wave Lab
- Date: 2022-11-24 15:01:31
- Duration: 15.02 s

143
143
143
143
142
143
143
144
143
143
142
143
144
143
142
142
143
143
144
143
143
142
144
144
143
143
143
143
143
142
143
143
143
143
143
142
142
142
142
142
142
142
141
142
142
141
141
142
140
140
139
139
139
140
137
138
137
137
137
136
135
135
134
133
132
133
131
132
130
130
130
128
128
127
127
126
124
123
124
123
122
122
121
120
119
119
119
118
117
117
115
116
116
115
114
114
113
113
112
112
111
110
110
109
110
108
108
108
108
107
107
107
107
107
106
105
105
105
104
104
103
103
103
103
103
103
101
102
101
100
100
99
99
98
99
97
97
98
97
98
96
96
95
96
95
96
95
94
94
95
95
94
93
93
93
92
92
93
92
92
92
92
91
90
91
91
91
90
90
90
89
89
89
89
88
88
88
88
87
88
86
88
87
87
87
86
86
86
87
85
86
85
86
85
85
85
85
84
85
84
84
84
82
84
83
83
81
82
83
83
82
83
81
82
81
81
81
81
81
81
81
81
80
81
80
79
80
80
80
80
80
80
80
80
80
80
79
79
78
78
79
78
79
78
78
78
78
78
78
78
78
78
77
77
77
77
77
77
77
77
77
77
76
76
76
76
76
76
76
75
75
75
75
75
75
75
75
75
74
75
75
74
74
75
74
75
73
72
73
74
73
73
74
72
73
73
72
73
73
73
73
73
72
72
73
72
71
71
72
71
71
71
72
72
71
70
71
71
71
71
70
71
70
70
70
70
70
70
70
70
69
69
69
70
70
69
69
69
69
69
68
68
69
67
68
67
67
68
68
67
68
67
67
67
66
67
66
67
66
66
66
67
66
66
66
66
65
64
65
66
65
66
65
65
64
66
65
64
65
65
64
64
64
64
64
64
65
64
64
63
64
64
64
63
63
64
63
63
63
63
62
62
62
62
63
63
62
62
62
63
62
62
61
62
62
62
62
62
62
62
61
62
61
60
61
62
61
61
61
61
60
61
61
60
61
60
60
62
60
60
59
60
60
59
59
59
59
59
60
59
59
59
59
58
58
59
58
59
58
59
59
58
58
59
59
58
58
58
58
58
58
58
58
58
57
58
57
57
57
57
57
58
56
57
58
57
56
57
56
57
56
57
56
56
55
56
56
57
56
56
56
56
56
57
56
57
56
57
56
56
56
56
56
56
55
56
55
56
56
56
55
55
56
55
55
54
54
55
55
55
54
55
55
55
56
54
56
55
55
55
54
55
55
55
54
55
54
54
54
54
54
54
54
54
53
54
54
53
54
54
1
53
53
54
53
53
53
53
53
53
53
53
53
53
53
54
52
52
53
53
53
52
53
53
52
53
52
52
52
53
52
53
52
52
52
52
53
51
52
51
53
51
53
51
52
52
52
52
51
51
52
51
52
52
51
51
51
51
51
51
51
51
50
51
51
50
50
50
50
50
50
51
50
50
51
51
51
51
50
51
51
50
51
50
50
50
51
50
50
50
50
49
50
50
50
50
49
49
49
49
50
49
50
50
48
50
48
49
50
49
50
49
48
50
48
49
49
48
49
49
49
48
49
48
49
49
49
48
48
49
49
48
49
49
48
48
48
49
48
48
48
48
48
48
48
47
47
47
48
48
48
46
48
47
48
47
47
47
47
47
47
47
48
47
47
47
47
48
47
47
48
48
47
47
46
47
47
47
47
46
47
46
47
47
46
47
47
46
47
45
46
46
47
45
46
46
46
46
46
46
46
46
46
46
46
46
45
46
46
46
47
46
46
46
45
46
46
45
46
46
46
46
45
45
45
46
45
45
45
45
46
46
45
45
45
46
46
45
45
45
45
45
45
45
45
44
45
45
45
45
45
45
45
44
45
44
45
44
45
44
45
44
44
44
45
44
44
45
45
44
44
45
44
43
45
44
45
44
44
44
45
44
44
44
44
44
43
44
45
45
44
44
44
44
45
44
44
43
44
44
44
43
44
44
44
43
43
45
44
43
43
44
42
43
44
43
43
44
44
44
43
44
44
44
43
43
43
43
43
43
43
44
42
43
43
43
43
43
43
43
43
42
43
43
43
42
43
42
43
42
43
43
43
42
43
43
42
42
43
42
41
42
42
42
42
43
42
41
42
42
43
42
43
41
42
42
43
42
41
41
42
40
43
42
42
42
43
42
42
42
42
41
42
41
42
42
41
42
41
41
42
41
40
41
40
41
42
41
42
42
42
42
41
41
42
41
41
40
41
41
40
42
41
41
41
42
41
41
41
41
42
41
41
41
41
41
41
40
40
41
40
41
41
41
41
41
41
40
40
41
40
40
40
41
41
40
40
39
41
40
40
40
41
40
40
40
40
39
40
40
40
40
40
40
40
41
40
40
40
40
40