- Wave Lab
- Date: 2022-11-24 14:57:23
- Duration: 15.02 s

114
115
114
114
114
114
114
114
113
113
115
114
115
115
114
114
115
115
115
115
114
114
115
114
115
114
114
113
114
115
114
114
114
113
114
114
115
114
114
114
114
114
113
114
114
114
113
113
115
115
114
115
114
114
113
114
114
114
114
114
114
114
114
115
114
113
114
113
114
113
113
113
113
112
112
112
112
112
111
111
111
110
109
109
109
108
108
108
107
107
107
106
105
106
105
104
104
104
104
103
103
102
102
101
101
100
100
99
99
99
99
98
98
97
98
96
96
96
96
96
94
95
95
94
93
94
93
92
92
92
92
91
91
89
89
90
89
89
89
89
88
88
88
87
88
87
86
86
86
85
86
85
85
84
85
84
84
82
83
84
82
83
82
83
82
81
82
82
81
81
82
80
81
82
80
80
80
80
80
80
79
79
79
79
78
77
77
77
76
76
76
77
76
76
76
75
76
75
75
74
74
74
74
75
74
75
74
74
74
73
74
73
72
73
73
72
72
72
71
72
71
71
72
70
71
71
71
70
71
71
70
70
70
70
70
69
69
68
69
69
69
68
68
68
67
69
68
68
67
67
67
67
68
67
66
66
67
67
67
66
67
66
66
66
67
65
66
66
66
65
66
66
65
65
65
65
65
65
65
65
65
64
64
64
64
64
64
64
63
64
63
64
63
63
64
63
63
62
63
64
63
63
63
63
63
63
63
63
63
62
62
62
62
63
62
62
62
62
61
62
61
61
61
61
61
62
61
62
61
61
61
61
61
62
61
61
60
61
61
61
61
61
60
61
61
60
60
60
61
60
60
60
60
60
59
60
60
61
60
60
60
60
60
60
59
60
59
60
60
60
59
59
59
59
60
59
59
59
59
59
59
59
59
59
59
58
59
59
59
59
58
58
58
59
59
58
58
58
58
58
58
58
58
58
58
58
57
58
58
57
34
0
58
58
58
58
57
58
58
58
58
57
58
58
58
57
57
58
57
57
57
57
57
58
58
57
58
57
57
57
58
57
58
57
57
56
57
57
57
56
56
56
57
57
56
57
56
56
56
56
56
56
56
56
56
56
56
56
56
55
56
56
57
56
56
56
56
55
56
56
57
56
56
56
55
55
55
55
55
54
55
55
55
55
55
54
55
55
55
54
55
55
55
55
54
55
55
54
55
54
54
54
55
54
54
55
54
54
54
54
54
54
53
54
55
53
54
54
54
54
54
54
53
53
54
52
54
54
54
54
54
54
53
54
53
54
54
52
52
54
54
54
54
53
53
53
54
53
53
53
52
53
53
53
52
53
51
52
52
53
53
52
53
52
52
53
52
52
53
51
52
52
52
52
52
52
52
52
51
51
51
51
51
50
51
52
51
50
52
52
51
51
51
51
51
51
51
51
50
49
50
50
51
50
51
51
50
50
50
51
50
49
50
49
49
51
49
50
49
49
50
48
50
50
49
50
50
50
49
50
49
49
49
51
50
50
50
49
49
49
48
49
49
48
49
49
49
49
49
49
49
49
49
48
49
48
48
50
47
49
49
49
49
49
48
49
48
49
47
49
48
47
46
48
48
48
47
48
48
48
47
48
47
47
47
47
48
48
47
48
48
47
47
47
46
47
47
48
47
48
48
47
47
46
46
47
47
47
46
46
46
47
47
46
46
46
45
46
46
45
46
46
46
46
45
45
45
46
45
45
45
46
45
45
45
45
46
46
46
46
46
45
45
45
45
46
44
45
46
46
46
45
45
44
45
44
45
45
45
45
44
45
44
46
45
45
45
45
44
45
44
46
44
44
43
44
44
44
45
45
44
44
44
44
43
44
44
45
44
44
44
44
43
44
45
45
43
43
44
43
44
44
44
43
44
43
43
43
43
44
43
44
43
43
43
43
43
43
44
43
44
43
43
42
44
43
43
43
43
43
43
43
43
43
42
43
42
42
42
42
43
42
42
43
42
43
42
42
43
42
43
42
42
43
43
42
42
42
42
41
42
43
41
42
41
42
42
42
42
42
42
43
42
42
41
41
42
41
42
42
42
43
41
42
42
42
42
42
41
42
42
42
41
41
42
42
42
41
42
42
41
42
41
41
42
41
41
41
42
40
41
41
41
41
41
41
40
41
41
41
41
39
41
41
40
41
40
40
41
41
40
41
40
40
41
40
41
41
40
40
40
40
40
41
40
40
40
40
40
41
40
39
40
40
40
39
40
40
39
40
40
40
40
41
40
40
40
39
41
41
40
40
39
40
41
40
40
40
40
40
40
40
39
40
39
40
39
39
40
40
40
40
39
40
39
39
40
40
38
40
40
38
39
40
39
39
40
39
40
40
39
39
39
39
39
39
38
39
39
38
39
39
39
39
38
39
39
39
39
39
39
38
38
39
38
38
38
38
39
39
38
38
38
38
38
39
38
38
38
38
38
38
39
38
38
38
39
38
39
39
38
37
38
37
38
38
38
37
38
38
38
37
38
38
38
38
39
38
38
38
38
37
39
39
38
38
37
38
38
38
38
38
38
37
37
38
38
38
38
38
37
38
37
38
38
38
38
37
38
38
37
38
38
37
37
38
38
37
37
38
37
