- Wave Lab
- Date: 2022-11-17 14:50:59
- Duration: 10.04 s

200
199
200
200
199
200
200
200
199
199
199
199
199
199
197
200
199
200
200
200
200
200
200
200
200
200
199
199
200
200
201
201
201
200
201
201
201
201
201
201
201
201
201
201
201
201
201
201
201
200
201
200
201
200
201
200
201
201
201
201
200
200
200
200
200
200
199
200
200
201
200
200
200
200
200
200
200
200
200
200
200
200
200
200
200
200
200
200
200
199
200
200
199
200
199
199
200
199
200
200
199
200
200
200
199
200
200
199
200
200
200
199
200
199
200
200
200
200
200
200
200
201
200
200
201
201
201
201
201
201
201
201
201
201
200
201
201
201
201
201
201
201
201
201
201
200
201
201
201
200
201
201
201
201
201
201
200
200
200
201
200
200
200
200
201
200
199
201
200
200
200
200
200
200
200
200
200
200
200
200
200
200
199
199
199
199
199
199
199
198
199
199
200
199
198
23
0
200
200
200
200
200
200
200
200
200
200
200
200
200
200
200
200
201
201
199
200
201
200
200
201
201
201
201
201
201
201
201
201
201
201
200
201
201
200
201
201
201
201
201
201
201
201
201
200
201
201
201
200
201
201
201
200
201
201
201
200
201
