- Wave Lab
- Date: 2022-11-17 14:53:54
- Duration: 10.07 s

208
208
207
208
208
208
208
208
208
208
208
208
208
208
208
208
208
208
208
208
208
208
208
208
207
208
208
207
208
208
209
208
208
208
208
209
208
209
208
208
209
208
208
208
208
208
208
209
208
208
208
208
207
208
208
208
208
208
209
209
208
209
208
209
208
209
209
209
208
208
208
209
208
208
208
209
208
208
208
208
208
208
208
208
209
208
208
208
208
208
207
208
208
208
208
209
208
208
208
208
209
208
207
209
208
208
207
209
209
208
208
208
207
209
208
209
208
208
209
209
208
208
208
208
208
208
209
209
208
208
208
208
209
208
209
208
208
208
208
208
209
208
209
209
208
209
208
208
209
209
208
209
209
208
209
208
209
208
209
209
208
208
208
208
208
208
208
209
208
208
208
209
209
209
209
208
209
208
209
208
209
209
209
209
208
209
208
209
208
208
209
208
209
209
209
209
208
209
208
209
209
208
208
209
209
209
209
209
209
209
209
209
207
207
207
208
208
207
208
208
209
209
209
209
208
209
209
209
208
209
208
209
208
209
209
209
208
209
209
208
209
209
209
209
209
208
208
