- Wave Lab
- Date: 2022-11-17 14:49:47
- Duration: 10.05 s

186
185
13
185
185
186
186
186
185
186
186
185
186
186
186
185
186
185
186
186
186
186
186
186
186
186
186
186
186
186
186
185
187
187
186
187
186
187
187
187
186
187
187
186
186
186
186
186
186
186
186
187
187
186
186
185
186
187
187
186
186
185
186
186
186
186
187
186
186
187
185
186
187
186
187
186
186
187
187
187
186
187
187
187
187
187
187
187
187
186
187
186
186
186
186
187
187
186
186
186
187
186
186
187
186
186
186
186
186
186
186
186
185
186
186
185
185
186
186
186
186
186
185
186
186
186
186
186
185
186
186
186
186
186
185
186
186
186
186
185
187
186
186
186
186
186
186
187
187
187
187
186
186
187
187
187
186
187
187
186
187
187
187
187
187
187
187
187
187
187
187
187
187
187
186
187
187
187
187
187
186
187
187
187
187
187
187
187
186
187
187
187
187
186
186
187
186
187
187
186
186
186
187
186
187
187
187
187
187
187
187
187
187
187
187
186
186
187
187
187
187
187
186
187
187
186
186
187
186
186
186
186
187
187
186
187
187
186
186
186
187
186
186
187
186
186
186
186
186
186
186
186
186
186
186
186
186
187
187
187
186
187
187
186
186
187
186
187
186
186
187
186
187
187
187
