- Wave Lab
- Date: 2022-11-17 14:57:05
- Duration: 10.05 s

242
242
242
242
242
242
242
242
242
242
242
242
242
242
243
243
243
243
243
243
243
242
242
242
243
242
242
242
242
242
243
243
242
242
243
243
243
243
243
243
243
242
243
243
242
243
242
243
242
242
242
242
241
241
243
243
243
243
243
243
243
242
242
243
242
242
242
242
242
242
242
242
243
243
243
242
243
243
243
243
243
243
243
243
242
242
242
242
243
243
243
243
243
243
243
242
243
243
243
243
243
243
243
243
243
243
242
242
242
242
243
242
242
243
243
243
243
243
243
243
243
243
242
243
243
243
242
242
242
242
243
243
19
0
243
242
243
243
243
243
243
243
244
242
241
241
242
241
242
241
243
243
243
243
243
243
243
243
243
243
243
242
243
243
243
243
243
243
243
243
242
242
243
242
243
243
243
243
242
242
242
244
243
243
243
242
243
243
243
242
243
243
243
243
243
243
243
243
243
243
243
242
243
243
243
243
243
243
243
243
243
243
