- Wave Lab
- Date: 2022-11-17 14:44:28
- Duration: 10.04 s

152
152
153
153
153
152
152
153
153
153
153
153
154
153
153
153
153
154
153
153
153
153
153
153
153
153
153
153
153
153
153
153
154
152
153
153
153
153
153
153
153
154
153
152
153
153
153
153
153
153
153
153
152
152
152
153
153
153
52
152
153
151
152
153
154
153
151
152
153
154
154
152
153
153
153
152
154
153
153
153
153
153
154
153
153
153
153
153
153
154
153
152
153
153
153
153
153
154
153
153
152
154
154
153
151
153
154
154
153
153
153
153
151
152
153
153
153
153
154
153
153
152
153
153
153
154
154
153
152
152
153
154
153
153
153
153
153
152
153
153
153
152
153
153
153
152
151
151
153
153
153
153
153
153
153
152
153
153
153
153
153
153
153
152
152
152
152
153
153
152
152
152
152
152
153
153
153
153
153
152
153
152
152
153
153
153
154
152
153
152
151
152
152
153
152
152
152
152
152
151
152
152
152
152
152
152
152
152
151
153
153
153
153
152
152
152
152
152
153
152
152
153
153
152
152
151
152
152
152
152
153
153
152
152
153
153
153
152
153
153
153
153
152
152
153
153
153
152
153
153
151
152
153
153
153
153
153
152
152
152
152
153
152
152
153
152
153
152
152
152
153
154
153
152
152
152
152
153
153
152
153
152
152
152
153
152
151
152
153
153
152
152
151
152
151
152
152
153
153
152
152
152
153
152
152
151
152
153
152
151
152
152
153
153
152
153
152
152
152
152
152
152
152
151
152
152
153
153
152
