- Wave Lab
- Date: 2022-11-24 14:07:58
- Duration: 10.03 s

101
101
101
101
101
101
102
102
100
100
100
102
100
102
101
102
100
101
102
101
101
101
101
101
101
100
100
102
100
100
100
101
99
100
101
101
100
101
101
101
101
101
101
100
100
100
99
100
101
100
100
100
100
100
100
100
101
101
100
100
100
100
100
100
100
100
101
100
100
101
100
100
100
100
100
100
101
101
100
99
100
100
101
100
101
100
100
100
100
100
101
102
101
100
101
101
101
101
100
102
102
102
103
102
103
103
103
103
103
103
103
103
103
103
103
103
103
103
102
103
102
103
102
101
102
101
101
101
102
102
102
102
102
101
103
102
102
102
103
102
103
102
102
103
103
103
103
104
103
103
103
102
103
103
102
101
102
102
102
102
102
102
103
102
101
102
103
103
102
102
102
103
103
103
102
103
102
103
102
102
103
103
104
103
103
103
103
102
103
102
103
103
102
102
102
101
102
102
101
101
103
102
102
102
102
103
102
103
102
102
103
102
103
102
102
102
102
102
102
102
102
102
101
102
102
78
0
102
102
100
101
102
101
101
102
102
101
103
102
102
101
101
102
100
101
101
101
101
102
102
101
101
102
101
101
101
102
101
101
101
102
101
101
101
101
101
101
101
101
101
101
101
100
100
100
101
101
101
101
100
101
100
101
100
101
101
101
100
100
101
100
101
101
100
100
100
100
101
101
100
100
100
100
101
100
100
101
100
100
101
100
101
101
101
101
101
100
100
101
101
100
101
101
101
101
101
102
100
102
101
102
102
102
103
102
103
103
103
102
103
102
103
103
103
103
103
102
103
103
102
102
101
102
101
102
102
102
102
101
102
102
101
102
102
102
102
102
103
102
102
103
103
103
103
102
103
102
103
102
104
103
102
103
103
103
103
102
103
102
103
103
102
102
102
102
102
102
102
102
102
103
103
102
102
102
102
103
103
103
102
103
103
103
103
102
103
103
103
103
103
102
102
101
103
103
101
102
102
102
103
102
102
102
102
102
102
102
102
102
102
102
103
103
102
102
102
103
102
103
103
102
102
102
103
102
102
102
102
103
102
102
102
102
101
101
102
102
102
103
102
102
102
101
102
102
102
101
102
102
