- Wave Lab
- Date: 2022-11-17 15:03:59
- Duration: 15.03 s

245
245
246
246
245
246
246
246
246
244
245
246
246
246
245
245
245
244
243
242
241
238
236
234
232
230
226
222
219
216
215
213
210
208
207
207
206
205
204
203
202
201
201
200
198
198
197
196
196
194
194
193
193
192
191
191
190
189
188
188
187
186
186
185
184
184
183
183
182
182
181
181
180
178
178
178
178
178
177
176
176
176
175
175
174
174
174
173
172
172
172
171
171
170
170
169
169
168
168
167
168
167
166
166
166
166
165
164
163
164
163
163
162
161
162
162
161
160
160
160
159
159
158
158
158
157
157
156
156
156
155
155
154
153
154
154
153
152
152
151
151
151
150
150
149
149
148
148
149
147
147
147
146
146
145
144
145
144
144
144
143
143
143
142
142
141
141
139
141
139
140
138
139
138
138
137
136
136
136
136
135
135
135
134
133
132
131
131
132
130
130
129
129
130
129
129
127
127
127
127
127
127
126
125
125
125
126
124
123
124
122
123
123
123
122
122
121
121
121
121
121
120
120
120
119
118
117
118
118
118
118
118
118
116
117
116
115
115
115
115
115
114
114
114
113
113
113
112
112
112
112
111
112
111
111
111
111
111
110
110
110
109
109
109
109
108
108
108
108
108
108
107
107
107
107
106
106
106
106
105
105
105
105
104
105
105
104
105
104
103
103
104
102
103
103
103
102
102
102
102
102
102
102
101
101
102
101
101
101
101
101
99
100
100
99
100
100
99
99
98
100
99
99
99
99
98
98
98
98
98
98
98
97
98
98
98
98
98
97
97
97
97
97
96
97
96
97
96
97
95
96
96
96
95
96
96
95
95
95
82
95
95
95
95
94
94
94
94
94
94
95
94
94
94
94
94
93
93
94
94
93
93
93
92
92
92
93
93
91
92
91
92
93
92
92
92
91
91
91
91
91
91
91
91
91
90
90
91
90
90
90
90
90
89
90
90
89
89
89
89
90
89
88
89
90
89
89
89
88
88
89
88
88
89
88
88
88
87
88
88
87
88
87
87
86
87
87
87
86
87
87
87
87
87
86
86
86
86
85
86
86
85
86
85
86
84
86
85
85
85
85
85
85
84
85
85
85
84
84
84
84
85
84
84
84
84
84
83
84
84
84
84
83
83
83
83
83
82
83
83
83
82
83
82
83
82
83
82
83
82
82
82
82
81
82
82
82
82
81
81
82
81
81
82
81
81
81
81
81
81
81
80
81
81
81
80
80
80
80
81
80
81
80
80
80
80
80
79
80
80
79
80
79
79
79
79
80
79
79
78
79
79
79
79
79
79
78
78
78
78
78
78
78
78
78
78
78
77
78
78
78
78
77
78
78
77
76
78
77
77
78
77
77
77
77
77
77
77
76
76
77
77
77
76
77
76
77
75
