- Wave Lab
- Date: 2022-11-17 15:08:24
- Duration: 15.03 s

204
203
203
203
203
203
203
203
203
204
204
203
203
203
204
204
204
203
203
203
203
204
203
203
203
204
204
203
203
204
204
204
204
202
204
204
203
203
203
202
203
203
202
203
203
202
201
201
200
200
199
199
198
198
196
196
196
195
194
193
193
192
191
191
190
189
189
188
187
186
186
185
184
184
183
183
182
182
181
180
180
179
179
178
177
177
176
176
175
175
174
173
173
172
172
172
172
171
170
170
170
169
168
168
166
167
166
166
165
165
164
164
163
162
162
161
160
160
160
159
158
157
156
156
156
155
154
154
154
153
152
153
151
151
150
150
149
149
148
147
146
146
146
146
145
144
144
143
142
142
142
141
140
141
140
139
139
139
138
138
138
137
136
137
136
136
136
135
134
134
134
134
133
132
133
132
132
131
131
131
131
131
130
130
129
130
129
129
128
128
128
127
127
127
127
10
0
127
126
126
125
126
125
125
125
124
124
124
124
124
123
123
123
122
122
122
122
122
122
121
122
121
121
120
120
119
119
119
118
119
118
118
117
117
117
117
116
117
116
116
116
116
116
116
114
114
114
114
113
113
113
113
113
113
112
113
112
112
112
112
111
111
109
111
111
110
110
109
108
109
109
109
108
107
108
108
107
107
107
107
107
107
106
107
106
106
105
106
106
105
105
105
105
105
104
104
104
104
103
103
104
103
103
103
102
103
102
103
102
102
102
101
101
102
100
101
100
100
101
100
100
100
100
99
100
99
99
99
99
99
99
98
98
99
98
98
98
98
98
97
98
97
97
98
98
97
97
97
96
97
96
96
97
97
97
97
96
96
96
96
96
96
96
95
96
95
95
95
95
95
95
95
95
94
95
94
94
94
94
94
94
94
94
94
92
93
93
93
93
93
92
92
92
91
92
91
92
92
91
91
92
91
91
92
91
91
90
91
90
91
90
90
91
90
90
89
91
90
90
90
90
89
90
89
90
88
89
90
88
89
89
88
88
88
88
89
89
89
88
87
87
88
88
88
87
88
87
87
88
86
87
86
88
87
86
88
87
86
87
86
86
86
86
86
86
85
86
85
86
85
85
85
85
86
85
85
85
85
85
84
84
84
84
84
84
84
84
83
84
84
84
84
84
84
83
83
83
83
83
83
83
82
83
82
82
83
83
83
83
82
81
82
83
82
82
81
82
81
82
82
81
82
81
81
81
81
80
81
81
82
81
82
81
80
81
80
80
81
81
81
81
80
79
80
80
80
80
80
79
80
79
80
80
80
79
80
80
79
80
79
80
79
79
79
79
78
80
78
78
78
79
78
79
79
78
78
79
78
79
78
78
78
77
77
78
78
77
78
78
77
78
76
78
78
78
77
78
78
77
77
77
77
77
77
77
77
76
76
76
77
77
77
77
76
77
76
76
76
76
76
76
76
76
76
76
76
76
76
75
