- Wave Lab
- Date: 2022-11-17 14:52:05
- Duration: 10.08 s

203
203
203
203
203
203
203
202
203
203
203
203
203
203
202
202
202
203
202
203
203
203
202
203
203
202
203
203
202
202
202
202
203
203
203
203
203
203
203
203
203
202
203
203
202
202
203
202
203
202
202
203
202
203
202
203
202
203
203
203
203
203
203
202
203
202
202
202
203
202
202
203
202
203
203
203
202
203
202
202
203
202
203
203
202
202
203
202
202
203
203
202
202
202
203
202
202
202
203
202
202
202
203
202
202
202
202
202
201
202
202
202
202
202
202
202
202
202
202
202
203
202
202
202
202
202
201
202
202
202
202
202
202
202
202
202
202
202
202
202
201
202
202
202
202
202
202
202
201
202
202
202
202
202
202
202
202
201
202
201
202
201
201
202
202
202
201
202
201
202
202
201
202
202
202
202
202
201
202
201
202
201
201
202
202
202
202
202
202
202
202
201
202
202
202
202
202
202
202
202
201
202
202
201
202
201
201
202
202
202
202
202
202
202
202
202
202
202
201
201
202
201
201
202
201
202
202
201
201
201
202
202
202
202
201
202
202
202
202
202
201
202
201
202
202
202
201
202
202
202
202
201
